Masmorra Perdida Da Perdição!
Data de criação : 14/01/2026

1 1 1 0 1 1 0 1 0 1 1 0 1 1 1 1 0 0 1 1 
1 0 0 1 0 0 0 0 0 0 0 1 0 1 1 0 0 0 0 0 
1 1 1 1 0 0 1 1 1 0 0 0 1 1 0 0 0 0 1 1 
0 0 0 0 0 0 0 1 0 1 1 0 1 0 0 0 0 1 0 0 
0 0 0 1 0 1 1 0 1 0 0 0 0 0 0 0 0 0 1 1 
1 1 0 0 0 0 0 0 1 0 1 0 0 0 1 1 0 0 0 0 
0 0 1 1 1 0 1 1 0 0 1 0 0 0 0 0 0 1 0 0 
1 0 1 0 0 0 0 1 0 0 1 1 1 0 1 0 0 1 1 1 
0 0 0 1 1 0 0 0 0 1 0 0 1 0 0 0 0 0 1 0 
1 1 0 1 0 0 1 0 0 1 0 1 1 0 1 1 0 0 0 0 
0 1 0 0 1 0 0 0 0 0 0 0 0 1 0 1 0 0 1 1 
1 0 1 0 0 1 1 1 0 0 1 1 0 0 0 1 0 1 0 0 
0 1 0 0 0 1 1 0 1 0 0 1 0 1 1 0 0 0 0 1 
0 0 0 0 1 1 1 0 0 1 0 0 0 0 1 0 0 1 0 1 
0 1 1 0 0 0 0 0 0 0 0 1 0 1 0 0 0 1 0 1 
0 1 0 0 0 0 0 1 0 0 0 0 0 1 1 0 1 0 0 0 
0 0 1 0 0 0 0 0 1 1 1 0 0 0 1 0 0 0 0 0 
1 0 0 0 0 0 1 0 0 0 1 1 0 0 1 0 0 0 0 0 
1 0 1 0 1 0 0 0 1 0 0 0 0 1 1 0 1 1 1 1 
0 0 1 0 0 1 1 0 1 0 0 0 0 0 1 1 0 0 1 1 
