Covil Esquecida Da Desgraça!
Data de criação : 13/01/2026

0 1 0 1 1 1 1 0 1 1 1 0 1 1 0 0 1 0 0 0 
0 0 0 1 1 0 0 0 0 0 0 0 1 1 0 0 0 0 0 1 
1 0 0 0 1 1 1 0 0 1 1 0 0 0 0 0 0 0 1 0 
1 0 0 1 0 1 0 0 0 0 0 0 1 0 1 0 0 0 0 1 
0 0 0 0 1 0 1 0 1 0 1 1 0 1 1 0 1 0 0 0 
1 0 0 0 1 0 1 1 0 0 0 0 1 0 1 0 1 0 1 1 
1 0 1 1 1 0 1 0 0 1 0 0 0 1 0 0 0 0 0 1 
1 0 0 0 0 0 0 0 1 0 0 0 0 0 0 1 0 0 1 0 
1 0 1 1 1 0 1 0 1 0 0 1 1 0 0 0 0 0 0 1 
0 0 0 0 1 0 1 1 0 0 0 0 0 0 0 0 1 0 0 0 
0 1 1 0 0 0 0 0 1 1 0 0 0 0 1 0 0 1 0 0 
0 0 1 0 0 1 0 0 0 0 0 1 1 0 1 1 0 0 0 0 
0 0 0 0 0 0 1 0 1 0 1 1 0 0 0 1 0 1 1 0 
1 0 1 1 1 0 1 0 0 0 1 0 0 1 1 1 0 0 1 0 
1 1 0 0 0 0 0 1 0 1 1 0 0 0 0 1 1 1 0 0 
0 0 0 0 0 0 0 1 0 0 1 1 0 0 1 0 0 0 0 1 
0 1 0 0 1 1 1 0 1 1 0 1 0 0 0 1 0 0 0 1 
0 1 0 0 0 0 0 0 0 1 0 0 1 0 1 0 0 1 0 1 
1 1 0 0 0 0 0 1 0 0 0 0 0 1 1 0 1 0 0 1 
1 0 1 1 1 1 1 1 0 1 1 1 0 0 0 1 0 0 0 1 
