Masmorra Maldita Do Senhor!
Data de criação : 12/01/2026

0 0 0 0 1 0 0 1 1 1 0 0 1 0 1 1 0 1 1 1 
0 1 0 1 1 1 0 0 0 1 1 0 1 1 0 0 0 1 1 0 
0 0 0 0 0 0 1 0 0 0 0 0 0 1 0 1 0 0 0 0 
1 1 0 1 0 0 1 1 1 0 0 1 0 0 0 1 0 0 0 1 
1 1 1 0 0 1 1 1 0 1 0 1 0 1 0 0 0 1 1 0 
1 0 0 1 0 0 1 0 0 0 0 1 0 1 0 0 0 0 0 0 
0 1 1 1 0 1 0 0 0 1 0 0 0 1 0 0 0 1 0 0 
1 0 0 0 0 0 0 1 0 0 1 0 1 0 0 0 1 0 1 0 
1 0 0 1 1 0 0 0 0 0 1 0 1 1 0 0 1 0 0 0 
1 0 0 0 0 1 0 1 1 0 0 0 1 0 1 1 1 0 0 1 
1 0 0 1 1 0 1 0 0 0 0 0 0 0 0 0 1 0 0 0 
1 0 1 0 0 0 0 0 1 0 1 0 0 1 0 1 0 0 0 1 
0 0 0 0 0 1 0 0 0 1 0 1 0 1 0 0 0 1 0 1 
1 0 1 0 0 0 0 1 0 1 0 0 0 0 0 1 0 0 0 0 
0 0 1 0 1 0 0 0 0 1 0 1 0 1 0 0 0 1 0 1 
1 1 0 1 0 0 1 0 1 0 0 0 0 0 1 0 0 0 0 0 
1 0 0 1 0 1 0 0 0 0 0 0 0 1 1 0 0 1 1 1 
1 0 0 0 0 0 0 1 0 1 0 0 0 0 0 1 0 1 0 0 
0 0 1 1 1 1 0 0 0 0 0 0 1 1 1 1 0 0 0 0 
1 0 0 0 0 0 1 1 1 0 1 1 1 0 0 0 0 1 1 1 
