Masmorra Esquecido Das Almas!
Data de criação : 14/01/2026

0 1 1 0 1 0 0 0 0 0 1 1 0 1 1 1 0 1 0 0 
0 0 0 0 1 0 0 0 0 1 0 1 0 0 0 0 0 0 1 0 
0 1 1 0 1 0 0 0 0 0 1 0 0 1 0 0 1 0 1 0 
1 0 1 0 0 1 1 0 1 0 0 1 0 1 1 1 0 0 1 1 
0 0 0 0 0 0 0 0 0 0 0 1 1 1 1 0 0 0 0 0 
0 1 1 1 0 0 0 0 0 1 1 0 0 0 0 1 0 0 1 1 
0 0 0 1 1 0 1 1 0 1 1 0 0 0 1 0 0 0 0 0 
1 1 0 0 1 1 0 1 0 1 0 0 0 0 0 0 1 0 0 0 
1 0 0 0 1 1 0 0 1 1 1 0 1 0 1 0 1 0 1 0 
0 0 1 0 0 0 1 0 0 1 0 0 1 0 0 1 0 1 0 0 
1 1 0 0 0 1 0 1 0 0 0 1 0 1 0 0 1 1 0 1 
1 0 1 1 1 1 0 0 0 1 0 0 0 0 0 0 0 1 1 0 
1 0 0 0 0 0 1 1 0 1 0 1 1 0 1 1 0 0 0 1 
0 0 0 0 0 0 0 0 0 0 0 1 0 0 1 0 1 0 0 0 
0 0 0 0 0 0 1 0 1 1 0 1 0 0 1 0 1 0 0 1 
0 0 1 1 0 0 0 0 1 0 0 0 1 0 1 0 0 0 0 0 
1 1 0 0 0 0 1 1 1 1 0 1 0 0 0 0 0 1 1 0 
0 0 0 0 0 1 0 0 0 0 1 0 1 1 1 1 1 0 0 0 
0 1 1 0 0 0 1 0 0 0 1 0 1 0 0 1 0 1 1 1 
0 1 0 0 1 1 0 1 0 0 0 0 1 1 0 1 1 0 0 1 
