Masmorra Sombrio Dos Condenados!
Data de criação : 15/01/2026

1 1 0 1 1 0 0 1 0 1 0 1 0 1 1 1 0 1 1 0 
0 0 0 0 0 0 0 0 1 1 0 1 0 0 0 0 0 0 1 0 
1 0 1 0 1 0 0 0 0 0 0 0 0 0 0 1 0 0 0 0 
1 0 1 0 0 0 1 0 0 0 0 0 1 0 0 0 1 0 1 0 
0 0 1 0 0 0 0 0 1 0 0 0 0 0 1 0 0 0 1 0 
0 0 0 0 0 0 0 0 0 0 0 1 1 0 1 1 0 0 0 0 
1 0 1 0 1 1 0 1 0 1 1 0 0 0 0 0 0 1 0 1 
0 0 0 0 0 0 0 1 0 0 0 0 0 0 1 0 0 0 0 0 
1 0 1 0 1 1 1 0 0 1 1 0 0 1 0 0 0 0 0 1 
1 0 1 0 0 0 0 0 0 0 0 0 1 0 0 1 0 1 0 0 
0 0 0 0 0 1 0 0 0 0 0 0 0 1 0 0 1 0 1 0 
1 0 0 0 0 1 0 0 1 0 0 0 0 0 0 0 0 1 0 0 
1 0 0 0 0 0 0 0 1 0 0 1 0 1 0 1 0 0 1 1 
1 0 0 1 0 0 0 0 0 0 1 0 0 0 0 0 0 0 0 0 
1 0 1 0 0 0 0 1 0 0 0 0 1 0 1 1 0 1 0 1 
0 0 1 0 1 0 0 0 1 0 0 0 0 0 0 0 1 0 0 0 
1 0 0 0 1 0 0 0 0 0 1 0 0 0 0 0 0 0 0 0 
0 0 0 0 0 0 0 1 0 0 0 1 0 0 1 1 0 0 0 0 
1 0 0 0 0 0 0 0 0 1 0 0 0 1 0 0 1 0 1 0 
1 1 0 1 0 1 1 0 1 1 0 1 0 1 0 0 0 1 0 0 
